INFO: 2023-05-29 13:51:38,115: Data
INFO: 2023-05-29 13:51:45,938: Data shape (110527, 14)
INFO: 2023-05-29 13:51:56,953: Percentage of women: 0.653882342398853
INFO: 2023-05-29 13:52:01,309: Percentage of men: 0.346117657601147
ERROR: 2023-05-29 13:52:08,845: Data shape is incorrect!
